7.652917116817687868e-03
6.271122841782806288e-03
1.864814999991676932e-03
1.864814999991672162e-03
1.864814999991672162e-03
1.864814999991671728e-03
1.864814999991672162e-03
1.864814999991671728e-03
2.032391827875487493e-03
2.021150290928067431e-03
2.541037385291079753e-03
1.864814999991670861e-03
1.864814999991672162e-03
2.029210708793958463e-03
1.864814999991672162e-03
1.864814999991672162e-03
1.864814999991671295e-03
1.864814999991672162e-03
1.864814999991672162e-03
3.856452547929796817e-03
1.864814999991671295e-03
