2.000000000000000042e-03
1.187511617928898623e-02
2.000000000000000042e-03
2.000000000000000042e-03
2.000000000000000042e-03
2.000000000000000042e-03
2.000000000000000042e-03
2.000000000000000042e-03
2.000000000000000042e-03
2.000000000000000475e-03
2.000000000000000475e-03
2.000000000000000042e-03
1.999999999999999608e-03
2.000000000000000042e-03
2.000000000000000475e-03
2.000000000000000475e-03
2.000000000000000042e-03
1.999999999999999608e-03
2.000000000000000042e-03
2.000000000000000042e-03
2.000000000000000042e-03
