7.651034507643882793e-03
6.281301610358444761e-03
1.921578491284854986e-03
1.461327287396808287e-03
3.078510483683959218e-04
1.921578491284849782e-03
1.921578491284850216e-03
1.921578491284849565e-03
2.038880489213930509e-03
2.014872636318602427e-03
2.493008090894636552e-03
1.921578491284848698e-03
3.037428069301891485e-03
2.019346484536981273e-03
1.921578491284849999e-03
1.921578491284850216e-03
1.921578491284849349e-03
1.921578491284849999e-03
1.921578491284850216e-03
3.858375090770750984e-03
1.921578491284849349e-03
