8.720842377868567516e-03
3.153223034031539876e-03
1.999999999999998741e-03
1.999999999999998307e-03
2.738992003415101958e-03
2.738624955013543773e-03
1.999999999999999174e-03
1.999999999999998741e-03
2.000000000000000909e-03
1.999999999999998741e-03
1.999999999999997873e-03
2.797707187745082907e-03
2.783482830554402914e-03
1.999999999999999608e-03
2.736126489313582891e-03
2.721635801873803495e-03
2.699062475490937325e-03
2.663298026119765346e-03
2.644417324833057623e-03
2.606092669742516611e-03
2.592859172202637442e-03
