2.028047376874409120e-03
3.862303600531192139e-03
1.801746298290360631e-03
1.801746298290353692e-03
1.801746298290349789e-03
1.801746298290350656e-03
1.801746298290351090e-03
1.801746298290350223e-03
4.047505701052289857e-03
2.450648318569982175e-03
1.801746298290345886e-03
1.801746298290346320e-03
1.801746298290347621e-03
5.913459190056122999e-03
1.801746298290352825e-03
1.801746298290350223e-03
1.801746298290348488e-03
1.801746298290349355e-03
1.801746298290352391e-03
1.801746298290353692e-03
1.801746298290355860e-03
