7.641251992501247800e-03
6.344584896726188430e-03
2.072189555401105204e-03
1.637043833391205790e-03
1.959595620271280963e-04
2.072189555401099999e-03
-2.204702423138325817e-06
2.072189555401099566e-03
2.079069452264545054e-03
2.001192868640168203e-03
2.363252856943812499e-03
2.072189555401098698e-03
2.963162860628482630e-03
1.995919407948880918e-03
2.072189555401100433e-03
2.072189555401100433e-03
2.072189555401099566e-03
2.072189555401100433e-03
2.072189555401100433e-03
3.863060963933677427e-03
2.072189555401099566e-03
