7.658404246491832754e-03
6.219812351616841456e-03
2.000000000000004812e-03
2.000000000000000475e-03
1.999999999999999608e-03
1.999999999999999608e-03
2.000000000000000042e-03
1.999999999999999608e-03
1.999999999999999608e-03
2.000000000000000475e-03
1.999999999999999174e-03
1.999999999999998741e-03
2.000000000000000042e-03
2.000000000000000042e-03
2.000000000000000042e-03
2.000000000000000042e-03
1.999999999999999608e-03
2.000000000000000042e-03
2.000000000000000042e-03
2.000000000000000042e-03
1.999999999999999608e-03
