9.204986818486481787e-03
2.000000000000000909e-03
1.999999999999998741e-03
1.999999999999998307e-03
4.231263350223762182e-03
4.214826989293879098e-03
1.999999999999999608e-03
1.999999999999998741e-03
2.000000000000002644e-03
1.999999999999998741e-03
5.677860124953942877e-03
5.121842575881708354e-03
4.762117202705680105e-03
1.999999999999999608e-03
3.374172543269491828e-03
3.003038203968597629e-03
2.347833161867960566e-03
1.999999999999999174e-03
1.999999999999999608e-03
1.999999999999999174e-03
1.999999999999999608e-03
