8.871777651497839146e-03
1.872690136378800385e-03
1.872690136378776099e-03
1.872690136378774364e-03
1.872690136378774798e-03
1.872690136378774364e-03
1.872690136378773931e-03
1.872690136378776533e-03
8.642442021595801716e-03
5.902907223105225906e-03
1.872690136378770895e-03
1.872690136378774364e-03
1.872690136378773063e-03
1.872690136378771329e-03
1.872690136378770027e-03
1.872690136378771329e-03
1.872690136378775232e-03
1.872690136378773497e-03
1.872690136378773063e-03
1.872690136378772630e-03
1.872690136378773497e-03
