1.999999999999980092e-03
4.060557302240848029e-03
2.000000000000016522e-03
2.000000000000009583e-03
2.000000000000005679e-03
2.000000000000006547e-03
2.000000000000006981e-03
2.000000000000006113e-03
4.173203682161368520e-03
2.442074179898150003e-03
2.000000000000001776e-03
2.000000000000002210e-03
2.000000000000003511e-03
2.000000000000000475e-03
2.000000000000008715e-03
2.000000000000006113e-03
2.000000000000004378e-03
2.000000000000005246e-03
2.000000000000008282e-03
2.000000000000009583e-03
2.000000000000011751e-03
