5.171352616663418833e-03
7.563784967319062136e-03
2.147338678815995973e-03
1.527257703396057292e-04
2.566853857298403725e-03
2.565674123535451392e-03
2.147338678815995973e-03
2.147338678815995539e-03
2.093424822246494829e-03
1.993628923780151226e-03
2.151578129921118045e-03
2.598175347546599449e-03
1.916117031663433327e-03
2.603135467568324680e-03
2.491670758538254860e-03
2.470240267548921669e-03
2.429880411739608267e-03
2.358286090098182190e-03
2.325484364966008861e-03
6.164082223167721697e-03
2.225952605299450979e-03
