4.945125181568070342e-03
7.945504222378005701e-03
1.999999999999999608e-03
2.000000000000000475e-03
1.999999999999998741e-03
1.999999999999999174e-03
1.999999999999999174e-03
1.999999999999999174e-03
2.000000000000001343e-03
1.999999999999998307e-03
1.999999999999998307e-03
1.999999999999998741e-03
3.714225648405489709e-03
2.944572719064409046e-03
1.999999999999998741e-03
1.999999999999998741e-03
1.999999999999998741e-03
1.999999999999998741e-03
1.999999999999998307e-03
4.920641696897850963e-03
1.999999999999999174e-03
