8.195083959830059758e-03
2.000000000000019991e-03
1.999999999999995705e-03
1.999999999999993970e-03
1.999999999999994404e-03
1.999999999999993970e-03
1.999999999999993536e-03
1.999999999999996139e-03
8.775334574944126248e-03
1.999999999999988332e-03
1.999999999999990501e-03
1.999999999999993970e-03
1.999999999999992669e-03
1.999999999999990934e-03
1.999999999999989633e-03
1.999999999999990934e-03
1.999999999999994837e-03
1.999999999999993103e-03
1.999999999999992669e-03
1.999999999999992235e-03
1.999999999999993103e-03
