5.192198662314933232e-03
7.416433206930479749e-03
2.000000000000000909e-03
2.000000000000000909e-03
2.419515178482408661e-03
2.418335444719456329e-03
2.000000000000000909e-03
2.000000000000000475e-03
1.999999999999996139e-03
2.000000000000000909e-03
2.000000000000002210e-03
2.450836668730604385e-03
2.430215367334126117e-03
2.619586238483658739e-03
2.344332079722259796e-03
2.322901588732926605e-03
2.282541732923613204e-03
2.210947411282187126e-03
2.178145686150013798e-03
6.256894626020485274e-03
2.078613926483455915e-03
