9.436041386206449680e-03
2.000000000000010884e-03
2.000000000000000909e-03
1.999999999999998741e-03
3.185543838101479158e-03
3.183362845314026586e-03
2.000000000000000475e-03
1.999999999999999608e-03
1.999999999999999174e-03
1.999999999999997006e-03
3.647283948877810822e-03
3.535701688600088009e-03
3.450977813602017392e-03
3.395777153633709050e-03
3.169050871847021739e-03
3.082744089999639794e-03
2.948353420585495595e-03
2.735491082825984403e-03
2.623076782316190354e-03
2.394989464056831302e-03
2.316183938493633371e-03
