4.000000000000000083e-03
4.000000000000000083e-03
4.000000000000000083e-03
4.000000000000000083e-03
4.000000000000000083e-03
4.000000000000000083e-03
4.000000000000000083e-03
4.000000000000000083e-03
4.000000000000000083e-03
1.200000000000000025e-02
4.000000000000000083e-03
4.000000000000000083e-03
4.000000000000000083e-03
4.000000000000000083e-03
4.000000000000000083e-03
4.000000000000000083e-03
4.000000000000000083e-03
4.000000000000000083e-03
4.000000000000000083e-03
4.000000000000000083e-03
4.000000000000000083e-03
