4.019405801078521426e-03
3.408210477758393669e-03
2.000000000000004378e-03
2.000000000000002210e-03
4.136570733651690618e-03
4.136332080496534294e-03
2.316995451756739301e-03
2.409168575053357089e-03
2.000000000000001776e-03
1.999999999999997873e-03
4.249642349195247894e-03
4.228668591514949532e-03
4.210821981862601648e-03
1.999999999999997873e-03
4.157309027883150307e-03
4.139273209956199732e-03
4.113567167015582185e-03
4.075459944309598424e-03
4.053631501915639507e-03
4.013338920955316323e-03
3.997435673243013125e-03
