6.805545921181731239e-03
6.087009687188433757e-03
2.000000000000000475e-03
2.000000000000000475e-03
1.999999999999999174e-03
2.000000000000000042e-03
2.000000000000000042e-03
2.000000000000000042e-03
2.000000000000000042e-03
1.999999999999999174e-03
2.000000000000000042e-03
2.000000000000000042e-03
2.000000000000000042e-03
3.104758287808725200e-03
2.000000000000000042e-03
2.000000000000000042e-03
2.000000000000000475e-03
1.999999999999999608e-03
1.999999999999999608e-03
7.536288687162586743e-03
2.000000000000000909e-03
