6.999140071084640827e-03
8.583394537649662037e-03
2.000000000000000042e-03
2.000000000000000042e-03
2.799763420505405921e-03
2.800960831158923713e-03
2.000000000000000042e-03
2.000000000000000475e-03
2.000000000000000042e-03
3.914676111681479782e-03
3.869072473628214649e-03
3.744980609828543316e-03
3.610123115884501018e-03
3.489128460702789047e-03
3.285590174355580879e-03
3.151263335956305377e-03
2.992393183827501274e-03
2.795931406913111476e-03
2.656145821218500701e-03
2.457058322741079333e-03
2.346355928793857851e-03
